[武川县]
武川县=53368 4108 11147 0 0 0 16373
哈乐镇政府=C4531 4113 11140 0 0 0 16500
西乌兰不浪镇=C4532 4106 11058 0 0 0 17710
二份子乡=C4533 4136 11072 0 0 0 16300
哈拉哈少=C4534 4099 11090 0 0 0 16790
大青山乡=C4535 4101 11144 0 0 0 16870
得胜沟乡=C4536 4100 11116 0 0 0 16930
上秃亥乡=C4537 4119 11131 0 0 0 15950
耗赖山乡=C4538 4131 11155 0 0 0 15930
[土默特左旗]
土默特左旗=53464 4072 11117 0 0 0 10427
金山开发区=C4541 4076 11147 0 0 0 10510
塔布赛乡=C4542 4057 11119 0 0 0 9950
善岱镇=C4543 4063 11099 0 0 0 10100
白庙子=C4544 4067 11154 0 0 0 10170
毕克齐镇=C4545 4073 11127 0 0 0 10450
沙尔沁镇=C4546 4056 11173 0 0 0 10620
[托克托县]
托克托县（双河镇）=53467 4025 11125 0 0 0 10159
伍什家镇=C4561 4038 11126 0 0 0 9570
新营子镇=C4562 4026 11144 0 0 0 10770
五申乡=C4563 4040 11114 0 0 0 9900
古城镇=C4564 4053 11137 0 0 0 10040
黄河湿地管委会=C4565 4020 11121 0 0 0 9820
[和林格尔县]
和林格尔县=53469 4040 11182 0 0 0 11667
盛乐镇=C4511 4063 11192 0 0 0 10980
新店子镇=C4512 4030 11220 0 0 0 12370
舍必崖乡=C4513 4040 11165 0 0 0 10850
羊群沟=C4514 4007 11159 0 0 0 10850
巧尔什营乡=C4517 4030 11159 0 0 0 11136
大红城乡=C4518 4018 11176 0 0 0 10300
黑老夭乡=C4519 4043 11209 0 0 0 14340
[清水河]
清水河县=53562 3992 11167 0 0 0 12080
老牛湾=C4521 3964 11144 0 0 0 10670
韭菜庄乡=C4522 3985 11191 0 0 0 16280
喇嘛湾镇=C4524 4008 11138 0 0 0 9950
宏河镇=C4525 4007 11162 0 0 0 11570
五良太乡=C4526 4005 11178 0 0 0 11960
窑沟乡=C4527 3982 11141 0 0 0 11010
单台子乡=C4528 3942 11128 0 0 0 11010 
北堡乡=C4529 3976 11171 0 0 0 12860
[呼和浩特赛罕区]
金河镇=53466 4075 11170 0 0 0 10454
东河公园=C4559 4050 11145 0 0 0 10454
黄合少=C4507 4074 11198 0 0 0 10890 
榆林=C4506 4090 11202 0 0 0 10890
巴彦镇=C4503 4084 11189 0 0 0 10890